0.08958970951923909
0.07251252119962646
0.07069358146088418
0.06969747173361539
0.06882507898562187
0.0680317924625798
0.06680696906821709
0.06530258088989434
0.06422531894730074
0.06306642390256821
0.06182423534761318
0.06077490354787391
0.06007011900201322
0.05926893007668782
0.0582379012474284
0.05766402498516684
0.05685311614837999
0.05627859206894771
0.055459012161930506
0.05488975965331915
0.054263611041540205
0.053636157054621186
0.053252892327890544
0.05263951400142546
0.05214218525977751
0.05164315095441637
0.05112319063188847
0.05067634070414981
0.05012436420472442
0.04976820945739746
0.04933975912178412
0.048880077387380726
0.048546313482648776
0.048123839259698084
0.047697237700145285
0.047240108831498116
0.04695837006051496
0.0465704728419202
0.046251190782065126
0.04587111264309971
0.04552113916479189
0.04525471307671479
0.04485195515416857
0.04463906484928798
0.04426536310002169
0.0439964463752461
0.043751953331886306
0.0435001856812072
0.04321016846003507
0.04297418144376737
